[
  [
    35.6779798, 
    -105.92708, 
    2
  ], 
  [
    35.67798, 
    -105.92709, 
    2
  ], 
  [
    35.67785, 
    -105.92714, 
    2
  ], 
  [
    35.67784, 
    -105.92759, 
    2
  ], 
  [
    35.67783, 
    -105.92761, 
    2
  ], 
  [
    35.67687, 
    -105.9276, 
    2
  ], 
  [
    35.67676, 
    -105.92762, 
    2
  ], 
  [
    35.67677, 
    -105.92762, 
    2
  ], 
  [
    35.67678, 
    -105.92743, 
    2
  ], 
  [
    35.6767, 
    -105.92698, 
    2
  ], 
  [
    35.67669, 
    -105.92676, 
    2
  ], 
  [
    35.67671, 
    -105.92664, 
    2
  ], 
  [
    35.67654, 
    -105.92655, 
    2
  ], 
  [
    35.67632, 
    -105.92647, 
    2
  ], 
  [
    35.67605, 
    -105.92644, 
    2
  ], 
  [
    35.67452, 
    -105.92638, 
    2
  ], 
  [
    35.67426, 
    -105.92628, 
    2
  ], 
  [
    35.67403, 
    -105.9261, 
    2
  ], 
  [
    35.6739, 
    -105.92598, 
    2
  ], 
  [
    35.67338, 
    -105.92532, 
    2
  ], 
  [
    35.67306, 
    -105.92496, 
    2
  ], 
  [
    35.67275, 
    -105.92464, 
    2
  ], 
  [
    35.67231, 
    -105.9243, 
    2
  ], 
  [
    35.67176, 
    -105.9239, 
    2
  ], 
  [
    35.67149, 
    -105.92378, 
    2
  ], 
  [
    35.67135, 
    -105.92433, 
    2
  ], 
  [
    35.67034, 
    -105.92438, 
    2
  ], 
  [
    35.66982, 
    -105.92452, 
    2
  ], 
  [
    35.6693, 
    -105.92483, 
    2
  ], 
  [
    35.66844, 
    -105.92546, 
    2
  ], 
  [
    35.66833, 
    -105.92516, 
    2
  ], 
  [
    35.66828, 
    -105.92497, 
    2
  ], 
  [
    35.66768, 
    -105.92123, 
    2
  ], 
  [
    35.66757, 
    -105.92101, 
    2
  ], 
  [
    35.6674, 
    -105.92084, 
    2
  ], 
  [
    35.66722, 
    -105.92076, 
    2
  ], 
  [
    35.667, 
    -105.92076, 
    2
  ], 
  [
    35.66595, 
    -105.92103, 
    2
  ], 
  [
    35.66544, 
    -105.92107, 
    2
  ], 
  [
    35.6645, 
    -105.92108, 
    2
  ], 
  [
    35.66449, 
    -105.92108, 
    2
  ], 
  [
    35.66434, 
    -105.92108, 
    2
  ], 
  [
    35.66339, 
    -105.92093, 
    2
  ], 
  [
    35.65679, 
    -105.92094, 
    2
  ], 
  [
    35.65191, 
    -105.92093, 
    2
  ], 
  [
    35.6509, 
    -105.92095, 
    2
  ], 
  [
    35.6486, 
    -105.92095, 
    2
  ], 
  [
    35.64706, 
    -105.92113, 
    2
  ], 
  [
    35.64684, 
    -105.92117, 
    2
  ], 
  [
    35.6465, 
    -105.9213, 
    2
  ], 
  [
    35.64606, 
    -105.92153, 
    2
  ], 
  [
    35.64366, 
    -105.92281, 
    2
  ], 
  [
    35.64337, 
    -105.92293, 
    2
  ], 
  [
    35.64265, 
    -105.9231, 
    2
  ], 
  [
    35.63966, 
    -105.92286, 
    2
  ], 
  [
    35.63905, 
    -105.92279, 
    2
  ], 
  [
    35.63878, 
    -105.92271, 
    2
  ], 
  [
    35.63856, 
    -105.92257, 
    2
  ], 
  [
    35.63839, 
    -105.92238, 
    2
  ], 
  [
    35.63815, 
    -105.92195, 
    2
  ], 
  [
    35.63794, 
    -105.92164, 
    2
  ], 
  [
    35.63773, 
    -105.92144, 
    2
  ], 
  [
    35.63662, 
    -105.92126, 
    2
  ], 
  [
    35.63638, 
    -105.92116, 
    2
  ], 
  [
    35.63608, 
    -105.92089, 
    2
  ], 
  [
    35.63553, 
    -105.92003, 
    2
  ], 
  [
    35.63518, 
    -105.91972, 
    2
  ], 
  [
    35.63414, 
    -105.91915, 
    2
  ], 
  [
    35.63371, 
    -105.91898, 
    2
  ], 
  [
    35.63229, 
    -105.9186, 
    2
  ], 
  [
    35.63136, 
    -105.91838, 
    2
  ], 
  [
    35.63038, 
    -105.91803, 
    2
  ], 
  [
    35.62868, 
    -105.91721, 
    2
  ], 
  [
    35.62662, 
    -105.91616, 
    2
  ], 
  [
    35.62537, 
    -105.91555, 
    2
  ], 
  [
    35.62499, 
    -105.91544, 
    2
  ], 
  [
    35.62374, 
    -105.9153, 
    2
  ], 
  [
    35.62334, 
    -105.91507, 
    2
  ], 
  [
    35.62311, 
    -105.91484, 
    2
  ], 
  [
    35.62288, 
    -105.9145, 
    2
  ], 
  [
    35.62257, 
    -105.91339, 
    2
  ], 
  [
    35.62239, 
    -105.91313, 
    2
  ], 
  [
    35.62169, 
    -105.91247, 
    2
  ], 
  [
    35.62087, 
    -105.91115, 
    2
  ], 
  [
    35.62067, 
    -105.91106, 
    2
  ], 
  [
    35.61984, 
    -105.91095, 
    2
  ], 
  [
    35.61949, 
    -105.91081, 
    2
  ], 
  [
    35.61888, 
    -105.91039, 
    2
  ], 
  [
    35.61861, 
    -105.91009, 
    2
  ], 
  [
    35.61724, 
    -105.90816, 
    2
  ], 
  [
    35.61712, 
    -105.90801, 
    2
  ], 
  [
    35.61659, 
    -105.90724, 
    2
  ], 
  [
    35.61606, 
    -105.90652, 
    2
  ], 
  [
    35.61574, 
    -105.90617, 
    2
  ], 
  [
    35.61522, 
    -105.90579, 
    2
  ], 
  [
    35.61507, 
    -105.90566, 
    2
  ], 
  [
    35.61493, 
    -105.90544, 
    2
  ], 
  [
    35.61395, 
    -105.90283, 
    2
  ], 
  [
    35.61303, 
    -105.90123, 
    2
  ], 
  [
    35.61188, 
    -105.89931, 
    2
  ], 
  [
    35.6117, 
    -105.89911, 
    2
  ], 
  [
    35.61152, 
    -105.899, 
    2
  ], 
  [
    35.61123, 
    -105.89893, 
    2
  ], 
  [
    35.61039, 
    -105.89879, 
    2
  ], 
  [
    35.61018, 
    -105.89874, 
    2
  ], 
  [
    35.60989, 
    -105.89857, 
    2
  ], 
  [
    35.60901, 
    -105.89938, 
    2
  ], 
  [
    35.60477, 
    -105.90315, 
    2
  ], 
  [
    35.60477, 
    -105.90316, 
    2
  ], 
  [
    35.60362, 
    -105.90415, 
    2
  ], 
  [
    35.60128, 
    -105.90577, 
    2
  ], 
  [
    35.60107, 
    -105.90594, 
    2
  ], 
  [
    35.6001, 
    -105.90698, 
    2
  ], 
  [
    35.59981, 
    -105.90718, 
    2
  ], 
  [
    35.59952, 
    -105.90736, 
    2
  ], 
  [
    35.59941, 
    -105.90759, 
    2
  ], 
  [
    35.59201, 
    -105.90329, 
    2
  ], 
  [
    35.59154, 
    -105.90303, 
    2
  ], 
  [
    35.5816, 
    -105.89724, 
    2
  ], 
  [
    35.58125, 
    -105.89702, 
    2
  ], 
  [
    35.58097, 
    -105.89735, 
    2
  ], 
  [
    35.58059, 
    -105.89793, 
    2
  ], 
  [
    35.58035, 
    -105.8984, 
    2
  ], 
  [
    35.58021, 
    -105.89875, 
    2
  ], 
  [
    35.57992, 
    -105.89962, 
    2
  ], 
  [
    35.57976, 
    -105.90021, 
    2
  ], 
  [
    35.5798, 
    -105.90066, 
    2
  ], 
  [
    35.58002, 
    -105.90154, 
    2
  ], 
  [
    35.58006, 
    -105.90207, 
    2
  ], 
  [
    35.58005, 
    -105.90343, 
    2
  ], 
  [
    35.58044, 
    -105.90365, 
    2
  ], 
  [
    35.58079, 
    -105.90388, 
    2
  ], 
  [
    35.58217, 
    -105.90534, 
    2
  ], 
  [
    35.58345, 
    -105.90611, 
    2
  ], 
  [
    35.58347, 
    -105.9061, 
    2
  ], 
  [
    35.58393, 
    -105.9063, 
    2
  ], 
  [
    35.58474, 
    -105.90647, 
    2
  ], 
  [
    35.58523, 
    -105.90664, 
    2
  ], 
  [
    35.58601, 
    -105.90685, 
    2
  ], 
  [
    35.5866, 
    -105.90704, 
    2
  ], 
  [
    35.58708, 
    -105.90716, 
    2
  ], 
  [
    35.58748, 
    -105.90732, 
    2
  ], 
  [
    35.58788, 
    -105.90752, 
    2
  ], 
  [
    35.58826, 
    -105.90772, 
    2
  ], 
  [
    35.59029, 
    -105.90882, 
    2
  ], 
  [
    35.59051, 
    -105.90898, 
    2
  ], 
  [
    35.59106, 
    -105.9093, 
    2
  ], 
  [
    35.59177, 
    -105.90994, 
    2
  ], 
  [
    35.59271, 
    -105.91052, 
    2
  ], 
  [
    35.59313, 
    -105.91076, 
    2
  ], 
  [
    35.59422, 
    -105.911, 
    2
  ], 
  [
    35.59417, 
    -105.91122, 
    2
  ], 
  [
    35.59282, 
    -105.91246, 
    2
  ], 
  [
    35.59167, 
    -105.91372, 
    2
  ], 
  [
    35.59125, 
    -105.91444, 
    2
  ], 
  [
    35.58998, 
    -105.91647, 
    2
  ], 
  [
    35.58902, 
    -105.91871, 
    2
  ], 
  [
    35.58835, 
    -105.92089, 
    2
  ], 
  [
    35.58801, 
    -105.9228, 
    2
  ], 
  [
    35.58787, 
    -105.92336, 
    2
  ], 
  [
    35.58787, 
    -105.92337, 
    2
  ], 
  [
    35.58769, 
    -105.92405, 
    2
  ], 
  [
    35.58735, 
    -105.92498, 
    2
  ], 
  [
    35.58654, 
    -105.9268, 
    2
  ], 
  [
    35.58684, 
    -105.92706, 
    2
  ], 
  [
    35.58943, 
    -105.92875, 
    2
  ], 
  [
    35.5903, 
    -105.92891, 
    2
  ], 
  [
    35.59032, 
    -105.93099, 
    2
  ], 
  [
    35.59172, 
    -105.93121, 
    2
  ], 
  [
    35.5924, 
    -105.93149, 
    2
  ], 
  [
    35.59406, 
    -105.93256, 
    2
  ], 
  [
    35.59511, 
    -105.93259, 
    2
  ], 
  [
    35.59671, 
    -105.93203, 
    2
  ], 
  [
    35.59859, 
    -105.9316, 
    2
  ], 
  [
    35.59905, 
    -105.93202, 
    2
  ], 
  [
    35.59955, 
    -105.93228, 
    2
  ], 
  [
    35.60102, 
    -105.93242, 
    2
  ], 
  [
    35.6022, 
    -105.93236, 
    2
  ], 
  [
    35.60506, 
    -105.93208, 
    2
  ], 
  [
    35.60544, 
    -105.9321, 
    2
  ], 
  [
    35.60608, 
    -105.93207, 
    2
  ], 
  [
    35.60735, 
    -105.93205, 
    2
  ], 
  [
    35.60881, 
    -105.93199, 
    2
  ], 
  [
    35.6088, 
    -105.93199, 
    2
  ], 
  [
    35.60956, 
    -105.93193, 
    2
  ], 
  [
    35.61669, 
    -105.93079, 
    2
  ], 
  [
    35.61688, 
    -105.93072, 
    2
  ], 
  [
    35.61698, 
    -105.93065, 
    2
  ], 
  [
    35.61718, 
    -105.93043, 
    2
  ], 
  [
    35.61751, 
    -105.92999, 
    2
  ], 
  [
    35.61776, 
    -105.92972, 
    2
  ], 
  [
    35.61809, 
    -105.92943, 
    2
  ], 
  [
    35.61886, 
    -105.92888, 
    2
  ], 
  [
    35.61899, 
    -105.92876, 
    2
  ], 
  [
    35.61912, 
    -105.9286, 
    2
  ], 
  [
    35.61938, 
    -105.92818, 
    2
  ], 
  [
    35.61948, 
    -105.92797, 
    2
  ], 
  [
    35.61965, 
    -105.92752, 
    2
  ], 
  [
    35.6197, 
    -105.92732, 
    2
  ], 
  [
    35.61973, 
    -105.92716, 
    2
  ], 
  [
    35.61973, 
    -105.92701, 
    2
  ], 
  [
    35.6197, 
    -105.92675, 
    2
  ], 
  [
    35.61939, 
    -105.92564, 
    2
  ], 
  [
    35.61937, 
    -105.92547, 
    2
  ], 
  [
    35.6193, 
    -105.9247, 
    2
  ], 
  [
    35.61919, 
    -105.92428, 
    2
  ], 
  [
    35.61917, 
    -105.92417, 
    2
  ], 
  [
    35.61918, 
    -105.92407, 
    2
  ], 
  [
    35.61923, 
    -105.92384, 
    2
  ], 
  [
    35.6194, 
    -105.92339, 
    2
  ], 
  [
    35.61943, 
    -105.92323, 
    2
  ], 
  [
    35.61952, 
    -105.92229, 
    2
  ], 
  [
    35.61956, 
    -105.9221, 
    2
  ], 
  [
    35.61967, 
    -105.92176, 
    2
  ], 
  [
    35.61967, 
    -105.92177, 
    2
  ], 
  [
    35.61975, 
    -105.92144, 
    2
  ], 
  [
    35.61982, 
    -105.92024, 
    2
  ], 
  [
    35.61999, 
    -105.91902, 
    2
  ], 
  [
    35.62006, 
    -105.91875, 
    2
  ], 
  [
    35.62026, 
    -105.9182, 
    2
  ], 
  [
    35.62031, 
    -105.91802, 
    2
  ], 
  [
    35.62107, 
    -105.91835, 
    2
  ], 
  [
    35.62213, 
    -105.9188, 
    2
  ], 
  [
    35.62383, 
    -105.91956, 
    2
  ], 
  [
    35.62541, 
    -105.9204, 
    2
  ], 
  [
    35.62747, 
    -105.92171, 
    2
  ], 
  [
    35.62896, 
    -105.92259, 
    2
  ], 
  [
    35.6367, 
    -105.92734, 
    2
  ], 
  [
    35.63803, 
    -105.92814, 
    2
  ], 
  [
    35.63825, 
    -105.9283, 
    2
  ], 
  [
    35.6385, 
    -105.92851, 
    2
  ], 
  [
    35.63855, 
    -105.92857, 
    2
  ], 
  [
    35.63867, 
    -105.92873, 
    2
  ], 
  [
    35.63882, 
    -105.929, 
    2
  ], 
  [
    35.63893, 
    -105.92932, 
    2
  ], 
  [
    35.63896, 
    -105.92945, 
    2
  ], 
  [
    35.63688, 
    -105.93031, 
    2
  ], 
  [
    35.63595, 
    -105.93074, 
    2
  ], 
  [
    35.63567, 
    -105.93086, 
    2
  ], 
  [
    35.63566, 
    -105.93086, 
    2
  ], 
  [
    35.6342, 
    -105.93145, 
    2
  ], 
  [
    35.63321, 
    -105.93191, 
    2
  ], 
  [
    35.63295, 
    -105.93195, 
    2
  ], 
  [
    35.63331, 
    -105.93297, 
    2
  ], 
  [
    35.63354, 
    -105.93337, 
    2
  ], 
  [
    35.63385, 
    -105.93377, 
    2
  ], 
  [
    35.63437, 
    -105.9342, 
    2
  ], 
  [
    35.6362, 
    -105.9354, 
    2
  ], 
  [
    35.63645, 
    -105.93556, 
    2
  ], 
  [
    35.63665, 
    -105.93576, 
    2
  ], 
  [
    35.63689, 
    -105.93612, 
    2
  ], 
  [
    35.63706, 
    -105.93657, 
    2
  ], 
  [
    35.63714, 
    -105.93708, 
    2
  ], 
  [
    35.6366, 
    -105.94263, 
    2
  ], 
  [
    35.63646, 
    -105.94644, 
    2
  ], 
  [
    35.63635, 
    -105.9477, 
    2
  ], 
  [
    35.63611, 
    -105.94921, 
    2
  ], 
  [
    35.63582, 
    -105.95053, 
    2
  ], 
  [
    35.63564, 
    -105.95112, 
    2
  ], 
  [
    35.63544, 
    -105.9516, 
    2
  ], 
  [
    35.63489, 
    -105.95251, 
    2
  ], 
  [
    35.6345, 
    -105.95295, 
    2
  ], 
  [
    35.63409, 
    -105.95331, 
    2
  ], 
  [
    35.63199, 
    -105.95485, 
    2
  ], 
  [
    35.63123, 
    -105.95525, 
    2
  ], 
  [
    35.63059, 
    -105.95537, 
    2
  ], 
  [
    35.62808, 
    -105.95535, 
    2
  ], 
  [
    35.62788, 
    -105.95539, 
    2
  ], 
  [
    35.62779, 
    -105.95548, 
    2
  ], 
  [
    35.62776, 
    -105.95554, 
    2
  ], 
  [
    35.62775, 
    -105.95564, 
    2
  ], 
  [
    35.62774, 
    -105.95588, 
    2
  ], 
  [
    35.6278, 
    -105.96241, 
    2
  ], 
  [
    35.62783, 
    -105.96637, 
    2
  ], 
  [
    35.62793, 
    -105.97186, 
    2
  ], 
  [
    35.62787, 
    -105.97279, 
    2
  ], 
  [
    35.62778, 
    -105.97377, 
    2
  ], 
  [
    35.62767, 
    -105.97445, 
    2
  ], 
  [
    35.62751, 
    -105.97532, 
    2
  ], 
  [
    35.62725, 
    -105.97622, 
    2
  ], 
  [
    35.62648, 
    -105.97849, 
    2
  ], 
  [
    35.62568, 
    -105.9805, 
    2
  ], 
  [
    35.62494, 
    -105.98208, 
    2
  ], 
  [
    35.62448, 
    -105.98286, 
    2
  ], 
  [
    35.62363, 
    -105.98477, 
    2
  ], 
  [
    35.62327, 
    -105.9857, 
    2
  ], 
  [
    35.62273, 
    -105.98796, 
    2
  ], 
  [
    35.62234, 
    -105.98856, 
    2
  ], 
  [
    35.62192, 
    -105.98899, 
    2
  ], 
  [
    35.6216, 
    -105.98916, 
    2
  ], 
  [
    35.62101, 
    -105.9893, 
    2
  ], 
  [
    35.61922, 
    -105.98933, 
    2
  ], 
  [
    35.61806, 
    -105.98966, 
    2
  ], 
  [
    35.61728, 
    -105.98959, 
    2
  ], 
  [
    35.617, 
    -105.98965, 
    2
  ], 
  [
    35.61679, 
    -105.98989, 
    2
  ], 
  [
    35.61671, 
    -105.99014, 
    2
  ], 
  [
    35.61559, 
    -105.99515, 
    2
  ], 
  [
    35.61544, 
    -105.99603, 
    2
  ], 
  [
    35.61531, 
    -105.99612, 
    2
  ], 
  [
    35.61492, 
    -105.996, 
    2
  ], 
  [
    35.61399, 
    -105.996, 
    2
  ], 
  [
    35.61384, 
    -105.99609, 
    2
  ], 
  [
    35.61372, 
    -105.99754, 
    2
  ], 
  [
    35.61366, 
    -105.99903, 
    2
  ], 
  [
    35.61368, 
    -106.00056, 
    2
  ], 
  [
    35.61826, 
    -106.00048, 
    2
  ], 
  [
    35.61825, 
    -106.00048, 
    2
  ], 
  [
    35.61902, 
    -106.00045, 
    2
  ], 
  [
    35.62188, 
    -106.00052, 
    2
  ], 
  [
    35.62784, 
    -106.0006, 
    2
  ], 
  [
    35.62788, 
    -106.00078, 
    2
  ], 
  [
    35.62788, 
    -106.00105, 
    2
  ], 
  [
    35.62791, 
    -106.00213, 
    2
  ], 
  [
    35.62797, 
    -106.00257, 
    2
  ], 
  [
    35.62808, 
    -106.00302, 
    2
  ], 
  [
    35.6282, 
    -106.00328, 
    2
  ], 
  [
    35.62834, 
    -106.0036, 
    2
  ], 
  [
    35.629, 
    -106.00471, 
    2
  ], 
  [
    35.62918, 
    -106.00511, 
    2
  ], 
  [
    35.62933, 
    -106.00553, 
    2
  ], 
  [
    35.6294, 
    -106.00586, 
    2
  ], 
  [
    35.62949, 
    -106.00633, 
    2
  ], 
  [
    35.62952, 
    -106.00701, 
    2
  ], 
  [
    35.62952, 
    -106.00759, 
    2
  ], 
  [
    35.6295, 
    -106.00812, 
    2
  ], 
  [
    35.62945, 
    -106.0086, 
    2
  ], 
  [
    35.62935, 
    -106.00907, 
    2
  ], 
  [
    35.62924, 
    -106.00949, 
    2
  ], 
  [
    35.62908, 
    -106.00994, 
    2
  ], 
  [
    35.6283, 
    -106.01202, 
    2
  ], 
  [
    35.6281, 
    -106.01258, 
    2
  ], 
  [
    35.62805, 
    -106.01278, 
    2
  ], 
  [
    35.62799, 
    -106.01309, 
    2
  ], 
  [
    35.62798, 
    -106.01731, 
    2
  ], 
  [
    35.62796, 
    -106.01784, 
    2
  ], 
  [
    35.6279, 
    -106.01824, 
    2
  ], 
  [
    35.62781, 
    -106.01864, 
    2
  ], 
  [
    35.62766, 
    -106.01907, 
    2
  ], 
  [
    35.62739, 
    -106.01971, 
    2
  ], 
  [
    35.6274, 
    -106.01978, 
    2
  ], 
  [
    35.62737, 
    -106.01987, 
    2
  ], 
  [
    35.6273, 
    -106.01992, 
    2
  ], 
  [
    35.62719, 
    -106.02008, 
    2
  ], 
  [
    35.62707, 
    -106.02032, 
    2
  ], 
  [
    35.62693, 
    -106.02087, 
    2
  ], 
  [
    35.62692, 
    -106.02145, 
    2
  ], 
  [
    35.627, 
    -106.02193, 
    2
  ], 
  [
    35.62739, 
    -106.02294, 
    2
  ], 
  [
    35.62794, 
    -106.02431, 
    2
  ], 
  [
    35.62801, 
    -106.02452, 
    2
  ], 
  [
    35.62805, 
    -106.0247, 
    2
  ], 
  [
    35.62806, 
    -106.02489, 
    2
  ], 
  [
    35.62806, 
    -106.02565, 
    2
  ], 
  [
    35.62802, 
    -106.02614, 
    2
  ], 
  [
    35.62804, 
    -106.02691, 
    2
  ], 
  [
    35.62798, 
    -106.032, 
    2
  ], 
  [
    35.62836, 
    -106.03203, 
    2
  ], 
  [
    35.62916, 
    -106.03224, 
    2
  ], 
  [
    35.63073, 
    -106.03283, 
    2
  ], 
  [
    35.63692, 
    -106.03558, 
    2
  ], 
  [
    35.63984, 
    -106.03684, 
    2
  ], 
  [
    35.64137, 
    -106.03753, 
    2
  ], 
  [
    35.64243, 
    -106.03796, 
    2
  ], 
  [
    35.64262, 
    -106.03794, 
    2
  ], 
  [
    35.64271, 
    -106.03799, 
    2
  ], 
  [
    35.64273, 
    -106.03803, 
    2
  ], 
  [
    35.64371, 
    -106.03855, 
    2
  ], 
  [
    35.64376, 
    -106.0386, 
    2
  ], 
  [
    35.64493, 
    -106.03914, 
    2
  ], 
  [
    35.64603, 
    -106.03962, 
    2
  ], 
  [
    35.64629, 
    -106.03979, 
    2
  ], 
  [
    35.64659, 
    -106.04001, 
    2
  ], 
  [
    35.64694, 
    -106.04034, 
    2
  ], 
  [
    35.64728, 
    -106.04058, 
    2
  ], 
  [
    35.64767, 
    -106.04074, 
    2
  ], 
  [
    35.64788, 
    -106.04079, 
    2
  ], 
  [
    35.64814, 
    -106.04084, 
    2
  ], 
  [
    35.64847, 
    -106.04085, 
    2
  ], 
  [
    35.6488, 
    -106.04079, 
    2
  ], 
  [
    35.64925, 
    -106.04053, 
    2
  ], 
  [
    35.64931, 
    -106.04047, 
    2
  ], 
  [
    35.64931, 
    -106.04048, 
    2
  ], 
  [
    35.64956, 
    -106.04022, 
    2
  ], 
  [
    35.64984, 
    -106.03978, 
    2
  ], 
  [
    35.651, 
    -106.03764, 
    2
  ], 
  [
    35.65115, 
    -106.03742, 
    2
  ], 
  [
    35.65131, 
    -106.03725, 
    2
  ], 
  [
    35.65153, 
    -106.03704, 
    2
  ], 
  [
    35.65319, 
    -106.03584, 
    2
  ], 
  [
    35.65351, 
    -106.03551, 
    2
  ], 
  [
    35.65437, 
    -106.03452, 
    2
  ], 
  [
    35.65458, 
    -106.03432, 
    2
  ], 
  [
    35.6548, 
    -106.03417, 
    2
  ], 
  [
    35.65504, 
    -106.03406, 
    2
  ], 
  [
    35.65529, 
    -106.03399, 
    2
  ], 
  [
    35.65558, 
    -106.03396, 
    2
  ], 
  [
    35.6562, 
    -106.03396, 
    2
  ], 
  [
    35.65642, 
    -106.03399, 
    2
  ], 
  [
    35.65659, 
    -106.03403, 
    2
  ], 
  [
    35.65679, 
    -106.03411, 
    2
  ], 
  [
    35.6573, 
    -106.03439, 
    2
  ], 
  [
    35.65747, 
    -106.03452, 
    2
  ], 
  [
    35.6577, 
    -106.03479, 
    2
  ], 
  [
    35.65782, 
    -106.03487, 
    2
  ], 
  [
    35.65793, 
    -106.0349, 
    2
  ], 
  [
    35.65802, 
    -106.03489, 
    2
  ], 
  [
    35.65812, 
    -106.03485, 
    2
  ], 
  [
    35.65822, 
    -106.03476, 
    2
  ], 
  [
    35.65832, 
    -106.03458, 
    2
  ], 
  [
    35.65845, 
    -106.03447, 
    2
  ], 
  [
    35.65895, 
    -106.03422, 
    2
  ], 
  [
    35.66047, 
    -106.03386, 
    2
  ], 
  [
    35.66106, 
    -106.03369, 
    2
  ], 
  [
    35.66141, 
    -106.03346, 
    2
  ], 
  [
    35.66261, 
    -106.03228, 
    2
  ], 
  [
    35.66396, 
    -106.03063, 
    2
  ], 
  [
    35.66411, 
    -106.03039, 
    2
  ], 
  [
    35.66425, 
    -106.03011, 
    2
  ], 
  [
    35.66462, 
    -106.02925, 
    2
  ], 
  [
    35.66462, 
    -106.02926, 
    2
  ], 
  [
    35.66526, 
    -106.02732, 
    2
  ], 
  [
    35.66536, 
    -106.02693, 
    2
  ], 
  [
    35.66542, 
    -106.02648, 
    2
  ], 
  [
    35.66543, 
    -106.02601, 
    2
  ], 
  [
    35.6654, 
    -106.02528, 
    2
  ], 
  [
    35.66527, 
    -106.02393, 
    2
  ], 
  [
    35.66526, 
    -106.02283, 
    2
  ], 
  [
    35.66529, 
    -106.02114, 
    2
  ], 
  [
    35.66537, 
    -106.02065, 
    2
  ], 
  [
    35.66555, 
    -106.02, 
    2
  ], 
  [
    35.66577, 
    -106.01814, 
    2
  ], 
  [
    35.66589, 
    -106.01746, 
    2
  ], 
  [
    35.66621, 
    -106.0162, 
    2
  ], 
  [
    35.6666, 
    -106.01457, 
    2
  ], 
  [
    35.66701, 
    -106.0135, 
    2
  ], 
  [
    35.66716, 
    -106.0132, 
    2
  ], 
  [
    35.66757, 
    -106.01253, 
    2
  ], 
  [
    35.66804, 
    -106.01184, 
    2
  ], 
  [
    35.66826, 
    -106.01144, 
    2
  ], 
  [
    35.66835, 
    -106.01122, 
    2
  ], 
  [
    35.66849, 
    -106.01081, 
    2
  ], 
  [
    35.66882, 
    -106.00936, 
    2
  ], 
  [
    35.66897, 
    -106.0089, 
    2
  ], 
  [
    35.66955, 
    -106.0075, 
    2
  ], 
  [
    35.66985, 
    -106.00691, 
    2
  ], 
  [
    35.67015, 
    -106.00639, 
    2
  ], 
  [
    35.67048, 
    -106.00587, 
    2
  ], 
  [
    35.67057, 
    -106.00563, 
    2
  ], 
  [
    35.67059, 
    -106.0055, 
    2
  ], 
  [
    35.67058, 
    -106.00467, 
    2
  ], 
  [
    35.6706, 
    -106.00378, 
    2
  ], 
  [
    35.67058, 
    -106.00358, 
    2
  ], 
  [
    35.67054, 
    -106.00345, 
    2
  ], 
  [
    35.67044, 
    -106.00328, 
    2
  ], 
  [
    35.67009, 
    -106.00289, 
    2
  ], 
  [
    35.66992, 
    -106.00266, 
    2
  ], 
  [
    35.66925, 
    -106.0015, 
    2
  ], 
  [
    35.66915, 
    -106.00129, 
    2
  ], 
  [
    35.66909, 
    -106.00111, 
    2
  ], 
  [
    35.66904, 
    -106.00095, 
    2
  ], 
  [
    35.66901, 
    -106.00063, 
    2
  ], 
  [
    35.66904, 
    -106.00024, 
    2
  ], 
  [
    35.66912, 
    -105.99963, 
    2
  ], 
  [
    35.6691, 
    -105.99957, 
    2
  ], 
  [
    35.66894, 
    -105.99944, 
    2
  ], 
  [
    35.66867, 
    -105.99927, 
    2
  ], 
  [
    35.66743, 
    -105.99882, 
    2
  ], 
  [
    35.6653, 
    -105.99805, 
    2
  ], 
  [
    35.6639, 
    -105.99758, 
    2
  ], 
  [
    35.6632, 
    -105.99729, 
    2
  ], 
  [
    35.66455, 
    -105.99467, 
    2
  ], 
  [
    35.66484, 
    -105.99409, 
    2
  ], 
  [
    35.66484, 
    -105.9941, 
    2
  ], 
  [
    35.66483, 
    -105.9941, 
    2
  ], 
  [
    35.66653, 
    -105.99067, 
    2
  ], 
  [
    35.66674, 
    -105.99029, 
    2
  ], 
  [
    35.66692, 
    -105.99001, 
    2
  ], 
  [
    35.66759, 
    -105.98922, 
    2
  ], 
  [
    35.66821, 
    -105.98843, 
    2
  ], 
  [
    35.66463, 
    -105.98728, 
    2
  ], 
  [
    35.66243, 
    -105.98658, 
    2
  ], 
  [
    35.66307, 
    -105.98361, 
    2
  ], 
  [
    35.66367, 
    -105.98098, 
    2
  ], 
  [
    35.66474, 
    -105.98134, 
    2
  ], 
  [
    35.66527, 
    -105.97891, 
    2
  ], 
  [
    35.66527, 
    -105.97892, 
    2
  ], 
  [
    35.66665, 
    -105.97275, 
    2
  ], 
  [
    35.66651, 
    -105.97271, 
    2
  ], 
  [
    35.66603, 
    -105.97257, 
    2
  ], 
  [
    35.66527, 
    -105.97201, 
    2
  ], 
  [
    35.66558, 
    -105.97152, 
    2
  ], 
  [
    35.66531, 
    -105.97127, 
    2
  ], 
  [
    35.66478, 
    -105.97079, 
    2
  ], 
  [
    35.66383, 
    -105.97002, 
    2
  ], 
  [
    35.6628, 
    -105.96966, 
    2
  ], 
  [
    35.66266, 
    -105.97024, 
    2
  ], 
  [
    35.66266, 
    -105.97025, 
    2
  ], 
  [
    35.6625, 
    -105.97085, 
    2
  ], 
  [
    35.66157, 
    -105.97048, 
    2
  ], 
  [
    35.66183, 
    -105.96951, 
    2
  ], 
  [
    35.66182, 
    -105.96951, 
    2
  ], 
  [
    35.66206, 
    -105.96862, 
    2
  ], 
  [
    35.66264, 
    -105.96737, 
    2
  ], 
  [
    35.66335, 
    -105.96596, 
    2
  ], 
  [
    35.66325, 
    -105.96585, 
    2
  ], 
  [
    35.664, 
    -105.96534, 
    2
  ], 
  [
    35.66518, 
    -105.96451, 
    2
  ], 
  [
    35.66532, 
    -105.96436, 
    2
  ], 
  [
    35.66546, 
    -105.96388, 
    2
  ], 
  [
    35.66546, 
    -105.96389, 
    2
  ], 
  [
    35.66532, 
    -105.96436, 
    2
  ], 
  [
    35.66518, 
    -105.96451, 
    2
  ], 
  [
    35.664, 
    -105.96534, 
    2
  ], 
  [
    35.66325, 
    -105.96585, 
    2
  ], 
  [
    35.66246, 
    -105.96505, 
    2
  ], 
  [
    35.66188, 
    -105.96444, 
    2
  ], 
  [
    35.66162, 
    -105.96409, 
    2
  ], 
  [
    35.66151, 
    -105.96384, 
    2
  ], 
  [
    35.66132, 
    -105.96333, 
    2
  ], 
  [
    35.66122, 
    -105.9625, 
    2
  ], 
  [
    35.66134, 
    -105.96163, 
    2
  ], 
  [
    35.66183, 
    -105.95904, 
    2
  ], 
  [
    35.66208, 
    -105.95731, 
    2
  ], 
  [
    35.66226, 
    -105.95538, 
    2
  ], 
  [
    35.66247, 
    -105.95433, 
    2
  ], 
  [
    35.66247, 
    -105.95434, 
    2
  ], 
  [
    35.66267, 
    -105.95361, 
    2
  ], 
  [
    35.66312, 
    -105.95244, 
    2
  ], 
  [
    35.66385, 
    -105.95079, 
    2
  ], 
  [
    35.66398, 
    -105.95034, 
    2
  ], 
  [
    35.66403, 
    -105.94996, 
    2
  ], 
  [
    35.66404, 
    -105.94979, 
    2
  ], 
  [
    35.66397, 
    -105.94919, 
    2
  ], 
  [
    35.66375, 
    -105.94847, 
    2
  ], 
  [
    35.66334, 
    -105.94729, 
    2
  ], 
  [
    35.66302, 
    -105.94631, 
    2
  ], 
  [
    35.66302, 
    -105.94577, 
    2
  ], 
  [
    35.66338, 
    -105.94354, 
    2
  ], 
  [
    35.66343, 
    -105.94347, 
    2
  ], 
  [
    35.6635, 
    -105.94341, 
    2
  ], 
  [
    35.66426, 
    -105.9387, 
    2
  ], 
  [
    35.66439, 
    -105.93764, 
    2
  ], 
  [
    35.66434, 
    -105.93725, 
    2
  ], 
  [
    35.66416, 
    -105.93661, 
    2
  ], 
  [
    35.66405, 
    -105.93647, 
    2
  ], 
  [
    35.66349, 
    -105.93641, 
    2
  ], 
  [
    35.66336, 
    -105.93634, 
    2
  ], 
  [
    35.66332, 
    -105.93618, 
    2
  ], 
  [
    35.66332, 
    -105.9359, 
    2
  ], 
  [
    35.66349, 
    -105.93491, 
    2
  ], 
  [
    35.66351, 
    -105.93451, 
    2
  ], 
  [
    35.66319, 
    -105.93117, 
    2
  ], 
  [
    35.66313, 
    -105.93054, 
    2
  ], 
  [
    35.66298, 
    -105.92971, 
    2
  ], 
  [
    35.663, 
    -105.9294, 
    2
  ], 
  [
    35.66295, 
    -105.92913, 
    2
  ], 
  [
    35.66345, 
    -105.92811, 
    2
  ], 
  [
    35.6636, 
    -105.92791, 
    2
  ], 
  [
    35.6639, 
    -105.92767, 
    2
  ], 
  [
    35.66431, 
    -105.92743, 
    2
  ], 
  [
    35.66461, 
    -105.92722, 
    2
  ], 
  [
    35.66483, 
    -105.92703, 
    2
  ], 
  [
    35.66512, 
    -105.92667, 
    2
  ], 
  [
    35.6658, 
    -105.92565, 
    2
  ], 
  [
    35.66599, 
    -105.92543, 
    2
  ], 
  [
    35.66637, 
    -105.92505, 
    2
  ], 
  [
    35.66676, 
    -105.92474, 
    2
  ], 
  [
    35.66692, 
    -105.92467, 
    2
  ], 
  [
    35.66709, 
    -105.92468, 
    2
  ], 
  [
    35.66729, 
    -105.92475, 
    2
  ], 
  [
    35.66796, 
    -105.92496, 
    2
  ], 
  [
    35.66815, 
    -105.92499, 
    2
  ], 
  [
    35.66828, 
    -105.92497, 
    2
  ], 
  [
    35.66844, 
    -105.92546, 
    2
  ], 
  [
    35.6693, 
    -105.92483, 
    2
  ], 
  [
    35.66982, 
    -105.92452, 
    2
  ], 
  [
    35.67034, 
    -105.92438, 
    2
  ], 
  [
    35.67135, 
    -105.92433, 
    2
  ], 
  [
    35.67149, 
    -105.92378, 
    2
  ], 
  [
    35.67176, 
    -105.9239, 
    2
  ], 
  [
    35.67231, 
    -105.9243, 
    2
  ], 
  [
    35.67275, 
    -105.92464, 
    2
  ], 
  [
    35.67306, 
    -105.92496, 
    2
  ], 
  [
    35.67338, 
    -105.92532, 
    2
  ], 
  [
    35.6739, 
    -105.92598, 
    2
  ], 
  [
    35.67403, 
    -105.9261, 
    2
  ], 
  [
    35.67426, 
    -105.92628, 
    2
  ], 
  [
    35.67452, 
    -105.92638, 
    2
  ], 
  [
    35.67605, 
    -105.92644, 
    2
  ], 
  [
    35.67632, 
    -105.92647, 
    2
  ], 
  [
    35.67654, 
    -105.92655, 
    2
  ], 
  [
    35.67671, 
    -105.92664, 
    2
  ], 
  [
    35.67669, 
    -105.92676, 
    2
  ], 
  [
    35.6767, 
    -105.92698, 
    2
  ], 
  [
    35.67678, 
    -105.92743, 
    2
  ], 
  [
    35.67677, 
    -105.92762, 
    2
  ], 
  [
    35.67687, 
    -105.9276, 
    2
  ], 
  [
    35.67783, 
    -105.92761, 
    2
  ], 
  [
    35.67784, 
    -105.92759, 
    2
  ], 
  [
    35.67785, 
    -105.92714, 
    2
  ], 
  [
    35.67788, 
    -105.92712, 
    2
  ], 
  [
    35.67798, 
    -105.92709, 
    2
  ], 
  [
    35.678, 
    -105.92704, 
    2
  ], 
  [
    35.67801, 
    -105.92683, 
    2
  ], 
  [
    35.67804, 
    -105.92675, 
    2
  ], 
  [
    35.6781, 
    -105.92672, 
    2
  ], 
  [
    35.67874, 
    -105.9268, 
    2
  ]
]